120
1
1.000000
2.000000
3.100000
0.500000
12.000000
9.100000
1.000000
2.000000
3.100000
0.500000
1.000000
2.000000
3.100000
0.500000
12.000000
9.100000
1.000000
2.000000
3.100000
0.500000
1.000000
2.000000
3.100000
0.500000
12.000000
9.100000
1.000000
2.000000
3.100000
0.500000
1.000000
2.000000
3.100000
0.500000
12.000000
9.100000
1.000000
2.000000
3.100000
0.500000
1.000000
2.000000
3.100000
0.500000
12.000000
9.100000
1.000000
2.000000
3.100000
0.500000
1.000000
2.000000
3.100000
0.500000
12.000000
9.100000
1.000000
2.000000
3.100000
0.500000
1.000000
2.000000
3.100000
0.500000
12.000000
9.100000
1.000000
2.000000
3.100000
0.500000
1.000000
2.000000
3.100000
0.500000
12.000000
9.100000
1.000000
2.000000
3.100000
0.500000
1.000000
2.000000
3.100000
0.500000
12.000000
9.100000
1.000000
2.000000
3.100000
0.500000
1.000000
2.000000
3.100000
0.500000
12.000000
9.100000
1.000000
2.000000
3.100000
0.500000
1.000000
2.000000
3.100000
0.500000
12.000000
9.100000
1.000000
2.000000
3.100000
0.500000
1.000000
2.000000
3.100000
0.500000
12.000000
9.100000
1.000000
2.000000
3.100000
0.500000
